00000000000000000000010000000000000000000000000000000000000000000000000000000000
00000000000000000000001000000000000000000000000000000000000000000000000000000000
00000000000000000000111000000000000000000000000000000000000000000000000000000000
00000000000000000000000000000000000000000000000000000000000000000000000000000000
00000000000000000000000000000000000000000000000000000000000000000000000000000000
00000000000000000000000000000000000000000000000000000000000000000000000000000000
00000000000000000000000000000000000000000000000000000000000000000000000000000000
00000000000000000000000000000000000000000000000000000000000000000000000000001000
00000000000000000000000000000000000000000000000000000000000000000000000000000100
00000000000000000000000000000000000000000000000000000000000000000000000000011100
00000000000000000000000000000000000000000000000000000000000000000000000000000000
00000000000000000000000000000000000000000000000000000000000000000010000000000000
00000000000000000000000000000000000000000000000000000000000000000001000000000000
00000000000000000000000000000000000000000000000000000000000000000111000000000000
00000000000000000000000000000000000000000000000000000000000000000000000000000000
